
================================================================================
Idx  | Range                     | Count      | Model Type      | Stats
--------------------------------------------------------------------------------
0    | [63767, 65933]            | 1200000    | Fourier MLP     | Complex Neural Net
1    | [65934, 68100]            | 1200000    | Fourier MLP     | Complex Neural Net
2    | [68101, 70267]            | 0          | Uniform         | 
3    | [70268, 72434]            | 0          | Uniform         | 
4    | [72435, 74601]            | 0          | Uniform         | 
5    | [74602, 76768]            | 0          | Uniform         | 
6    | [76769, 78935]            | 0          | Uniform         | 
7    | [78936, 81102]            | 0          | Uniform         | 
8    | [81103, 83269]            | 0          | Uniform         | 
9    | [83270, 85436]            | 0          | Uniform         | 
10   | [85437, 87603]            | 1200000    | Fourier MLP     | Complex Neural Net
11   | [87604, 89770]            | 1200000    | Fourier MLP     | Complex Neural Net
12   | [89771, 91937]            | 0          | Uniform         | 
13   | [91938, 94104]            | 1200000    | Fourier MLP     | Complex Neural Net
14   | [94105, 96271]            | 1200000    | Fourier MLP     | Complex Neural Net
15   | [96272, 98438]            | 0          | Uniform         | 
16   | [98439, 100605]           | 0          | Uniform         | 
17   | [100606, 102772]          | 0          | Uniform         | 
18   | [102773, 104939]          | 0          | Uniform         | 
19   | [104940, 107106]          | 0          | Uniform         | 
20   | [107107, 109273]          | 0          | Uniform         | 
21   | [109274, 111440]          | 0          | Uniform         | 
22   | [111441, 113607]          | 0          | Uniform         | 
23   | [113608, 115774]          | 0          | Uniform         | 
24   | [115775, 117941]          | 0          | Uniform         | 
25   | [117942, 120108]          | 0          | Uniform         | 
26   | [120109, 122275]          | 0          | Uniform         | 
27   | [122276, 124442]          | 0          | Uniform         | 
28   | [124443, 126609]          | 0          | Uniform         | 
29   | [126610, 128776]          | 1200000    | Fourier MLP     | Complex Neural Net
30   | [128777, 130943]          | 0          | Uniform         | 
31   | [130944, 133110]          | 0          | Uniform         | 
32   | [133111, 135277]          | 0          | Uniform         | 
33   | [135278, 137444]          | 0          | Uniform         | 
34   | [137445, 139611]          | 0          | Uniform         | 
35   | [139612, 141778]          | 0          | Uniform         | 
36   | [141779, 143945]          | 0          | Uniform         | 
37   | [143946, 146112]          | 0          | Uniform         | 
38   | [146113, 148279]          | 0          | Uniform         | 
39   | [148280, 150446]          | 0          | Uniform         | 
40   | [150447, 152613]          | 0          | Uniform         | 
41   | [152614, 154780]          | 0          | Uniform         | 
42   | [154781, 156947]          | 0          | Uniform         | 
43   | [156948, 159114]          | 0          | Uniform         | 
44   | [159115, 161281]          | 0          | Uniform         | 
45   | [161282, 163448]          | 0          | Uniform         | 
46   | [163449, 165615]          | 1200000    | Fourier MLP     | Complex Neural Net
47   | [165616, 167782]          | 0          | Uniform         | 
48   | [167783, 169949]          | 0          | Uniform         | 
49   | [169950, 172116]          | 0          | Uniform         | 
50   | [172117, 174283]          | 0          | Uniform         | 
51   | [174284, 176450]          | 0          | Uniform         | 
52   | [176451, 178617]          | 0          | Uniform         | 
53   | [178618, 180784]          | 0          | Uniform         | 
54   | [180785, 182951]          | 1200000    | Fourier MLP     | Complex Neural Net
55   | [182952, 185118]          | 0          | Uniform         | 
56   | [185119, 187285]          | 0          | Uniform         | 
57   | [187286, 189452]          | 0          | Uniform         | 
58   | [189453, 191619]          | 0          | Uniform         | 
59   | [191620, 193786]          | 0          | Uniform         | 
60   | [193787, 195953]          | 0          | Uniform         | 
61   | [195954, 198120]          | 0          | Uniform         | 
62   | [198121, 200287]          | 0          | Uniform         | 
63   | [200288, 202454]          | 1200000    | Fourier MLP     | Complex Neural Net
64   | [202455, 204621]          | 0          | Uniform         | 
65   | [204622, 206788]          | 0          | Uniform         | 
66   | [206789, 208955]          | 0          | Uniform         | 
67   | [208956, 211122]          | 0          | Uniform         | 
68   | [211123, 213289]          | 0          | Uniform         | 
69   | [213290, 215456]          | 0          | Uniform         | 
70   | [215457, 217623]          | 0          | Uniform         | 
71   | [217624, 219790]          | 0          | Uniform         | 
72   | [219791, 221957]          | 0          | Uniform         | 
73   | [221958, 224124]          | 0          | Uniform         | 
74   | [224125, 226291]          | 0          | Uniform         | 
75   | [226292, 228458]          | 1200000    | Fourier MLP     | Complex Neural Net
76   | [228459, 230625]          | 0          | Uniform         | 
77   | [230626, 232792]          | 0          | Uniform         | 
78   | [232793, 234959]          | 0          | Uniform         | 
79   | [234960, 237126]          | 0          | Uniform         | 
80   | [237127, 239293]          | 0          | Uniform         | 
81   | [239294, 241460]          | 0          | Uniform         | 
82   | [241461, 243627]          | 0          | Uniform         | 
83   | [243628, 245794]          | 0          | Uniform         | 
84   | [245795, 247961]          | 0          | Uniform         | 
85   | [247962, 250128]          | 0          | Uniform         | 
86   | [250129, 252295]          | 0          | Uniform         | 
87   | [252296, 254462]          | 0          | Uniform         | 
88   | [254463, 256629]          | 0          | Uniform         | 
89   | [256630, 258796]          | 0          | Uniform         | 
90   | [258797, 260963]          | 0          | Uniform         | 
91   | [260964, 263130]          | 0          | Uniform         | 
92   | [263131, 265297]          | 0          | Uniform         | 
93   | [265298, 267464]          | 0          | Uniform         | 
94   | [267465, 269631]          | 0          | Uniform         | 
95   | [269632, 271798]          | 0          | Uniform         | 
96   | [271799, 273965]          | 0          | Uniform         | 
97   | [273966, 276132]          | 0          | Uniform         | 
98   | [276133, 278299]          | 1200000    | Fourier MLP     | Complex Neural Net
99   | [278300, 280466]          | 0          | Uniform         | 
100  | [280467, 282633]          | 0          | Uniform         | 
101  | [282634, 284800]          | 0          | Uniform         | 
102  | [284801, 286967]          | 0          | Uniform         | 
103  | [286968, 289134]          | 0          | Uniform         | 
104  | [289135, 291301]          | 0          | Uniform         | 
105  | [291302, 293468]          | 0          | Uniform         | 
106  | [293469, 295635]          | 0          | Uniform         | 
107  | [295636, 297802]          | 0          | Uniform         | 
108  | [297803, 299969]          | 0          | Uniform         | 
109  | [299970, 302136]          | 0          | Uniform         | 
110  | [302137, 304303]          | 0          | Uniform         | 
111  | [304304, 306470]          | 0          | Uniform         | 
112  | [306471, 308637]          | 0          | Uniform         | 
113  | [308638, 310804]          | 0          | Uniform         | 
114  | [310805, 312971]          | 0          | Uniform         | 
115  | [312972, 315138]          | 0          | Uniform         | 
116  | [315139, 317305]          | 0          | Uniform         | 
117  | [317306, 319472]          | 0          | Uniform         | 
118  | [319473, 321639]          | 0          | Uniform         | 
119  | [321640, 323806]          | 0          | Uniform         | 
120  | [323807, 325973]          | 0          | Uniform         | 
121  | [325974, 328140]          | 0          | Uniform         | 
122  | [328141, 330307]          | 0          | Uniform         | 
123  | [330308, 332474]          | 0          | Uniform         | 
124  | [332475, 334641]          | 0          | Uniform         | 
125  | [334642, 336808]          | 0          | Uniform         | 
126  | [336809, 338975]          | 0          | Uniform         | 
127  | [338976, 341142]          | 0          | Uniform         | 
128  | [341143, 343309]          | 0          | Uniform         | 
129  | [343310, 345476]          | 0          | Uniform         | 
130  | [345477, 347643]          | 0          | Uniform         | 
131  | [347644, 349810]          | 0          | Uniform         | 
132  | [349811, 351977]          | 0          | Uniform         | 
133  | [351978, 354144]          | 0          | Uniform         | 
134  | [354145, 356311]          | 1200000    | Fourier MLP     | Complex Neural Net
135  | [356312, 358478]          | 0          | Uniform         | 
136  | [358479, 360645]          | 0          | Uniform         | 
137  | [360646, 362812]          | 0          | Uniform         | 
138  | [362813, 364979]          | 0          | Uniform         | 
139  | [364980, 367146]          | 0          | Uniform         | 
140  | [367147, 369313]          | 0          | Uniform         | 
141  | [369314, 371480]          | 1200000    | Fourier MLP     | Complex Neural Net
142  | [371481, 373647]          | 0          | Uniform         | 
143  | [373648, 375814]          | 0          | Uniform         | 
144  | [375815, 377981]          | 0          | Uniform         | 
145  | [377982, 380148]          | 0          | Uniform         | 
146  | [380149, 382315]          | 0          | Uniform         | 
147  | [382316, 384482]          | 0          | Uniform         | 
148  | [384483, 386649]          | 0          | Uniform         | 
149  | [386650, 388816]          | 0          | Uniform         | 
150  | [388817, 390983]          | 0          | Uniform         | 
151  | [390984, 393150]          | 0          | Uniform         | 
152  | [393151, 395317]          | 0          | Uniform         | 
153  | [395318, 397484]          | 0          | Uniform         | 
154  | [397485, 399651]          | 0          | Uniform         | 
155  | [399652, 401818]          | 0          | Uniform         | 
156  | [401819, 403985]          | 1200000    | Fourier MLP     | Complex Neural Net
157  | [403986, 406152]          | 0          | Uniform         | 
158  | [406153, 408319]          | 0          | Uniform         | 
159  | [408320, 410486]          | 0          | Uniform         | 
160  | [410487, 412653]          | 0          | Uniform         | 
161  | [412654, 414820]          | 0          | Uniform         | 
162  | [414821, 416987]          | 0          | Uniform         | 
163  | [416988, 419154]          | 0          | Uniform         | 
164  | [419155, 421321]          | 0          | Uniform         | 
165  | [421322, 423488]          | 0          | Uniform         | 
166  | [423489, 425655]          | 0          | Uniform         | 
167  | [425656, 427822]          | 0          | Uniform         | 
168  | [427823, 429989]          | 0          | Uniform         | 
169  | [429990, 432156]          | 0          | Uniform         | 
170  | [432157, 434323]          | 1200000    | Fourier MLP     | Complex Neural Net
171  | [434324, 436490]          | 0          | Uniform         | 
172  | [436491, 438657]          | 0          | Uniform         | 
173  | [438658, 440824]          | 1200000    | Fourier MLP     | Complex Neural Net
174  | [440825, 442991]          | 0          | Uniform         | 
175  | [442992, 445158]          | 1200000    | Fourier MLP     | Complex Neural Net
176  | [445159, 447325]          | 1200000    | Fourier MLP     | Complex Neural Net
177  | [447326, 449492]          | 0          | Uniform         | 
178  | [449493, 451659]          | 2400000    | Fourier MLP     | Complex Neural Net
179  | [451660, 453826]          | 0          | Uniform         | 
180  | [453827, 455993]          | 0          | Uniform         | 
181  | [455994, 458160]          | 0          | Uniform         | 
182  | [458161, 460327]          | 0          | Uniform         | 
183  | [460328, 462494]          | 0          | Uniform         | 
184  | [462495, 464661]          | 0          | Uniform         | 
185  | [464662, 466828]          | 0          | Uniform         | 
186  | [466829, 468995]          | 0          | Uniform         | 
187  | [468996, 471162]          | 0          | Uniform         | 
188  | [471163, 473329]          | 0          | Uniform         | 
189  | [473330, 475496]          | 0          | Uniform         | 
190  | [475497, 477663]          | 0          | Uniform         | 
191  | [477664, 479830]          | 0          | Uniform         | 
192  | [479831, 481997]          | 0          | Uniform         | 
193  | [481998, 484164]          | 0          | Uniform         | 
194  | [484165, 486331]          | 0          | Uniform         | 
195  | [486332, 488498]          | 0          | Uniform         | 
196  | [488499, 490665]          | 0          | Uniform         | 
197  | [490666, 492832]          | 0          | Uniform         | 
198  | [492833, 494999]          | 0          | Uniform         | 
199  | [495000, 497166]          | 0          | Uniform         | 
200  | [497167, 499333]          | 0          | Uniform         | 
201  | [499334, 501500]          | 1200000    | Fourier MLP     | Complex Neural Net
202  | [501501, 503667]          | 0          | Uniform         | 
203  | [503668, 505834]          | 0          | Uniform         | 
204  | [505835, 508001]          | 0          | Uniform         | 
205  | [508002, 510168]          | 0          | Uniform         | 
206  | [510169, 512335]          | 0          | Uniform         | 
207  | [512336, 514502]          | 1200000    | Fourier MLP     | Complex Neural Net
208  | [514503, 516669]          | 0          | Uniform         | 
209  | [516670, 518836]          | 0          | Uniform         | 
210  | [518837, 521003]          | 0          | Uniform         | 
211  | [521004, 523170]          | 0          | Uniform         | 
212  | [523171, 525337]          | 0          | Uniform         | 
213  | [525338, 527504]          | 1200000    | Fourier MLP     | Complex Neural Net
214  | [527505, 529671]          | 0          | Uniform         | 
215  | [529672, 531838]          | 0          | Uniform         | 
216  | [531839, 534005]          | 0          | Uniform         | 
217  | [534006, 536172]          | 0          | Uniform         | 
218  | [536173, 538339]          | 0          | Uniform         | 
219  | [538340, 540506]          | 0          | Uniform         | 
220  | [540507, 542673]          | 0          | Uniform         | 
221  | [542674, 544840]          | 0          | Uniform         | 
222  | [544841, 547007]          | 1200000    | Fourier MLP     | Complex Neural Net
223  | [547008, 549174]          | 0          | Uniform         | 
224  | [549175, 551341]          | 0          | Uniform         | 
225  | [551342, 553508]          | 0          | Uniform         | 
226  | [553509, 555675]          | 1200000    | Fourier MLP     | Complex Neural Net
227  | [555676, 557842]          | 0          | Uniform         | 
228  | [557843, 560009]          | 0          | Uniform         | 
229  | [560010, 562176]          | 0          | Uniform         | 
230  | [562177, 564343]          | 0          | Uniform         | 
231  | [564344, 566510]          | 0          | Uniform         | 
232  | [566511, 568677]          | 0          | Uniform         | 
233  | [568678, 570844]          | 0          | Uniform         | 
234  | [570845, 573011]          | 0          | Uniform         | 
235  | [573012, 575178]          | 0          | Uniform         | 
236  | [575179, 577345]          | 0          | Uniform         | 
237  | [577346, 579512]          | 0          | Uniform         | 
238  | [579513, 581679]          | 0          | Uniform         | 
239  | [581680, 583846]          | 0          | Uniform         | 
240  | [583847, 586013]          | 0          | Uniform         | 
241  | [586014, 588180]          | 0          | Uniform         | 
242  | [588181, 590347]          | 0          | Uniform         | 
243  | [590348, 592514]          | 0          | Uniform         | 
244  | [592515, 594681]          | 0          | Uniform         | 
245  | [594682, 596848]          | 0          | Uniform         | 
246  | [596849, 599015]          | 0          | Uniform         | 
247  | [599016, 601182]          | 0          | Uniform         | 
248  | [601183, 603349]          | 0          | Uniform         | 
249  | [603350, 605516]          | 0          | Uniform         | 
250  | [605517, 607683]          | 0          | Uniform         | 
251  | [607684, 609850]          | 0          | Uniform         | 
252  | [609851, 612017]          | 0          | Uniform         | 
253  | [612018, 614184]          | 0          | Uniform         | 
254  | [614185, 616351]          | 0          | Uniform         | 
255  | [616352, 618518]          | 0          | Uniform         | 
256  | [618519, 620685]          | 0          | Uniform         | 
257  | [620686, 622852]          | 0          | Uniform         | 
258  | [622853, 625019]          | 0          | Uniform         | 
259  | [625020, 627186]          | 0          | Uniform         | 
260  | [627187, 629353]          | 0          | Uniform         | 
261  | [629354, 631520]          | 0          | Uniform         | 
262  | [631521, 633687]          | 1200000    | Fourier MLP     | Complex Neural Net
263  | [633688, 635854]          | 0          | Uniform         | 
264  | [635855, 638021]          | 0          | Uniform         | 
265  | [638022, 640188]          | 0          | Uniform         | 
266  | [640189, 642355]          | 0          | Uniform         | 
267  | [642356, 644522]          | 1200000    | Fourier MLP     | Complex Neural Net
268  | [644523, 646689]          | 0          | Uniform         | 
269  | [646690, 648856]          | 0          | Uniform         | 
270  | [648857, 651023]          | 0          | Uniform         | 
271  | [651024, 653190]          | 0          | Uniform         | 
272  | [653191, 655357]          | 1200000    | Fourier MLP     | Complex Neural Net
273  | [655358, 657524]          | 0          | Uniform         | 
274  | [657525, 659691]          | 0          | Uniform         | 
275  | [659692, 661858]          | 0          | Uniform         | 
276  | [661859, 664025]          | 0          | Uniform         | 
277  | [664026, 666192]          | 0          | Uniform         | 
278  | [666193, 668359]          | 0          | Uniform         | 
279  | [668360, 670526]          | 0          | Uniform         | 
280  | [670527, 672693]          | 0          | Uniform         | 
281  | [672694, 674860]          | 0          | Uniform         | 
282  | [674861, 677027]          | 0          | Uniform         | 
283  | [677028, 679194]          | 1200000    | Fourier MLP     | Complex Neural Net
284  | [679195, 681361]          | 0          | Uniform         | 
285  | [681362, 683528]          | 0          | Uniform         | 
286  | [683529, 685695]          | 0          | Uniform         | 
287  | [685696, 687862]          | 0          | Uniform         | 
288  | [687863, 690029]          | 0          | Uniform         | 
289  | [690030, 692196]          | 0          | Uniform         | 
290  | [692197, 694363]          | 0          | Uniform         | 
291  | [694364, 696530]          | 0          | Uniform         | 
292  | [696531, 698697]          | 1200000    | Fourier MLP     | Complex Neural Net
293  | [698698, 700864]          | 1200000    | Fourier MLP     | Complex Neural Net
294  | [700865, 703031]          | 0          | Uniform         | 
295  | [703032, 705198]          | 0          | Uniform         | 
296  | [705199, 707365]          | 0          | Uniform         | 
297  | [707366, 709532]          | 0          | Uniform         | 
298  | [709533, 711699]          | 0          | Uniform         | 
299  | [711700, 713866]          | 0          | Uniform         | 
300  | [713867, 716033]          | 0          | Uniform         | 
301  | [716034, 718200]          | 1200000    | Fourier MLP     | Complex Neural Net
302  | [718201, 720367]          | 0          | Uniform         | 
303  | [720368, 722534]          | 0          | Uniform         | 
304  | [722535, 724701]          | 0          | Uniform         | 
305  | [724702, 726868]          | 0          | Uniform         | 
306  | [726869, 729035]          | 0          | Uniform         | 
307  | [729036, 731202]          | 0          | Uniform         | 
308  | [731203, 733369]          | 0          | Uniform         | 
309  | [733370, 735536]          | 0          | Uniform         | 
310  | [735537, 737703]          | 1200000    | Fourier MLP     | Complex Neural Net
311  | [737704, 739870]          | 0          | Uniform         | 
312  | [739871, 742037]          | 0          | Uniform         | 
313  | [742038, 744204]          | 0          | Uniform         | 
314  | [744205, 746371]          | 0          | Uniform         | 
315  | [746372, 748538]          | 0          | Uniform         | 
316  | [748539, 750705]          | 0          | Uniform         | 
317  | [750706, 752872]          | 0          | Uniform         | 
318  | [752873, 755039]          | 0          | Uniform         | 
319  | [755040, 757206]          | 0          | Uniform         | 
320  | [757207, 759373]          | 1200000    | Fourier MLP     | Complex Neural Net
321  | [759374, 761540]          | 1200000    | Fourier MLP     | Complex Neural Net
322  | [761541, 763707]          | 0          | Uniform         | 
323  | [763708, 765874]          | 0          | Uniform         | 
324  | [765875, 768041]          | 0          | Uniform         | 
325  | [768042, 770208]          | 0          | Uniform         | 
326  | [770209, 772375]          | 0          | Uniform         | 
327  | [772376, 774542]          | 1200000    | Fourier MLP     | Complex Neural Net
328  | [774543, 776709]          | 0          | Uniform         | 
329  | [776710, 778876]          | 1200000    | Fourier MLP     | Complex Neural Net
330  | [778877, 781043]          | 0          | Uniform         | 
331  | [781044, 783210]          | 1200000    | Fourier MLP     | Complex Neural Net
332  | [783211, 785377]          | 0          | Uniform         | 
333  | [785378, 787544]          | 1200000    | Fourier MLP     | Complex Neural Net
334  | [787545, 789711]          | 0          | Uniform         | 
335  | [789712, 791878]          | 0          | Uniform         | 
336  | [791879, 794045]          | 0          | Uniform         | 
337  | [794046, 796212]          | 0          | Uniform         | 
338  | [796213, 798379]          | 0          | Uniform         | 
339  | [798380, 800546]          | 0          | Uniform         | 
340  | [800547, 802713]          | 0          | Uniform         | 
341  | [802714, 804880]          | 0          | Uniform         | 
342  | [804881, 807047]          | 0          | Uniform         | 
343  | [807048, 809214]          | 0          | Uniform         | 
344  | [809215, 811381]          | 0          | Uniform         | 
345  | [811382, 813548]          | 0          | Uniform         | 
346  | [813549, 815715]          | 0          | Uniform         | 
347  | [815716, 817882]          | 0          | Uniform         | 
348  | [817883, 820049]          | 0          | Uniform         | 
349  | [820050, 822216]          | 0          | Uniform         | 
350  | [822217, 824383]          | 1200000    | Fourier MLP     | Complex Neural Net
351  | [824384, 826550]          | 0          | Uniform         | 
352  | [826551, 828717]          | 1200000    | Fourier MLP     | Complex Neural Net
353  | [828718, 830884]          | 0          | Uniform         | 
354  | [830885, 833051]          | 0          | Uniform         | 
355  | [833052, 835218]          | 0          | Uniform         | 
356  | [835219, 837385]          | 0          | Uniform         | 
357  | [837386, 839552]          | 0          | Uniform         | 
358  | [839553, 841719]          | 1200000    | Fourier MLP     | Complex Neural Net
359  | [841720, 843886]          | 0          | Uniform         | 
360  | [843887, 846053]          | 0          | Uniform         | 
361  | [846054, 848220]          | 0          | Uniform         | 
362  | [848221, 850387]          | 0          | Uniform         | 
363  | [850388, 852554]          | 0          | Uniform         | 
364  | [852555, 854721]          | 0          | Uniform         | 
365  | [854722, 856888]          | 0          | Uniform         | 
366  | [856889, 859055]          | 2400000    | Fourier MLP     | Complex Neural Net
367  | [859056, 861222]          | 0          | Uniform         | 
368  | [861223, 863389]          | 0          | Uniform         | 
369  | [863390, 865556]          | 0          | Uniform         | 
370  | [865557, 867723]          | 0          | Uniform         | 
371  | [867724, 869890]          | 0          | Uniform         | 
372  | [869891, 872057]          | 0          | Uniform         | 
373  | [872058, 874224]          | 0          | Uniform         | 
374  | [874225, 876391]          | 0          | Uniform         | 
375  | [876392, 878558]          | 0          | Uniform         | 
376  | [878559, 880725]          | 0          | Uniform         | 
377  | [880726, 882892]          | 0          | Uniform         | 
378  | [882893, 885059]          | 0          | Uniform         | 
379  | [885060, 887226]          | 0          | Uniform         | 
380  | [887227, 889393]          | 1200000    | Fourier MLP     | Complex Neural Net
381  | [889394, 891560]          | 0          | Uniform         | 
382  | [891561, 893727]          | 1200000    | Fourier MLP     | Complex Neural Net
383  | [893728, 895894]          | 0          | Uniform         | 
384  | [895895, 898061]          | 0          | Uniform         | 
385  | [898062, 900228]          | 0          | Uniform         | 
386  | [900229, 902395]          | 0          | Uniform         | 
387  | [902396, 904562]          | 0          | Uniform         | 
388  | [904563, 906729]          | 0          | Uniform         | 
389  | [906730, 908896]          | 0          | Uniform         | 
390  | [908897, 911063]          | 0          | Uniform         | 
391  | [911064, 913230]          | 0          | Uniform         | 
392  | [913231, 915397]          | 0          | Uniform         | 
393  | [915398, 917564]          | 0          | Uniform         | 
394  | [917565, 919731]          | 0          | Uniform         | 
395  | [919732, 921898]          | 0          | Uniform         | 
396  | [921899, 924065]          | 0          | Uniform         | 
397  | [924066, 926232]          | 0          | Uniform         | 
398  | [926233, 928399]          | 1200000    | Fourier MLP     | Complex Neural Net
399  | [928400, 930566]          | 0          | Uniform         | 
400  | [930567, 932733]          | 0          | Uniform         | 
401  | [932734, 934900]          | 0          | Uniform         | 
402  | [934901, 937067]          | 0          | Uniform         | 
403  | [937068, 939234]          | 0          | Uniform         | 
404  | [939235, 941401]          | 0          | Uniform         | 
405  | [941402, 943568]          | 0          | Uniform         | 
406  | [943569, 945735]          | 0          | Uniform         | 
407  | [945736, 947902]          | 0          | Uniform         | 
408  | [947903, 950069]          | 0          | Uniform         | 
409  | [950070, 952236]          | 0          | Uniform         | 
410  | [952237, 954403]          | 0          | Uniform         | 
411  | [954404, 956570]          | 0          | Uniform         | 
412  | [956571, 958737]          | 0          | Uniform         | 
413  | [958738, 960904]          | 0          | Uniform         | 
414  | [960905, 963071]          | 0          | Uniform         | 
415  | [963072, 965238]          | 0          | Uniform         | 
416  | [965239, 967405]          | 0          | Uniform         | 
417  | [967406, 969572]          | 0          | Uniform         | 
418  | [969573, 971739]          | 1200000    | Fourier MLP     | Complex Neural Net
419  | [971740, 973906]          | 0          | Uniform         | 
420  | [973907, 975671]          | 1200000    | Fourier MLP     | Complex Neural Net
================================================================================
